cmd: ./a.out
events: Ir
fl=./csu/../csu/libc-start.c
fn=__libc_start_main@@GLIBC_2.34
128 2
134 3
135 7
138 1
139 2
142 3
143 2
144 16
145 8
242 13
311 3
312 3
337 6
340 2
343 2
350 2
352 2
360 4
fl=./csu/../sysdeps/nptl/libc_start_call_main.h
fn=(below main)
29 9
44 3
46 2
51 2
52 2
55 2
58 6
74 2
fl=./csu/./csu/init-first.c
fn=_init_first
46 6
51 2
55 5
61 1
62 1
63 2
71 2
72 3
fl=./ctype/./ctype/ctype-info.c
fn=__ctype_init
29 1
31 7
33 4
35 4
36 1
fl=./debug/../sysdeps/x86_64/multiarch/ifunc-memmove.h
fn=__memcpy_chk
56 2
57 3
60 3
61 2
74 2
77 2
85 2
93 2
96 5
fn=__memmove_chk
56 2
57 3
60 3
61 2
74 2
77 2
85 2
93 2
96 5
fn=__mempcpy_chk
56 2
57 3
60 3
61 2
74 2
77 2
85 2
93 2
96 5
fl=./debug/../sysdeps/x86_64/multiarch/ifunc-memset.h
fn=__memset_chk
54 5
57 3
58 2
64 2
73 2
75 2
85 2
93 2
96 5
fl=./debug/../sysdeps/x86_64/multiarch/memcpy_chk.c
fn=__memcpy_chk
29 1
fl=./debug/../sysdeps/x86_64/multiarch/memmove_chk.c
fn=__memmove_chk
29 1
fl=./debug/../sysdeps/x86_64/multiarch/mempcpy_chk.c
fn=__mempcpy_chk
29 1
fl=./debug/../sysdeps/x86_64/multiarch/memset_chk.c
fn=__memset_chk
29 1
fl=./elf/../bits/stdlib-bsearch.h
fn=intel_check_word.constprop.0
27 96
28 48
29 744
31 648
32 348
35 264
37 120
fl=./elf/../elf/dl-tls.c
fn=_dl_add_to_slotinfo
1017 27
1023 3
1026 3
1027 3
1031 9
1065 6
1068 6
1069 9
1072 18
fn=_dl_allocate_tls_init
523 11
524 2
528 2
531 1
534 2
537 3
549 1
554 27
560 9
563 9
564 6
570 9
571 6
573 24
576 6
577 6
580 6
581 12
583 6
584 6
593 3
601 6
603 30
609 3
615 2
618 2
621 9
fn=_dl_allocate_tls_storage
365 1
369 1
370 1
371 2
374 1
380 2
417 7
419 1
430 1
431 1
432 2
440 6
441 1
445 305
464 1
470 7
fn=_dl_assign_tls_modid
125 12
128 6
141 3
181 3
183 3
186 3
187 6
fn=_dl_count_modids
192 1
194 2
195 1
210 2
fn=_dl_determine_tlsoffset
216 9
217 1
218 1
219 1
222 4
225 2
259 1
261 25
263 9
265 9
266 6
268 6
270 15
281 3
286 24
288 6
289 3
294 3
301 1
302 7
304 2
354 1
355 8
fn=_dl_tls_static_surplus_init
83 3
97 8
100 6
101 5
102 3
104 4
107 1
109 1
111 3
112 6
fl=./elf/../include/list.h
fn=__tls_init_tp
43 2
44 2
45 1
47 1
fl=./elf/../include/rtld-malloc.h
fn=__minimal_calloc
56 17
fn=_dl_allocate_tls_storage
44 2
56 1
fn=_dl_check_map_versions
44 18
fn=_dl_find_object_init
56 2
fn=_dl_important_hwcaps
56 4
fn=_dl_init_paths
56 5
fn=_dl_map_object_deps
56 12
fn=_dl_new_object
44 18
56 15
fn=do_lookup_x
44 13
fn=fillin_rpath.isra.0
50 8
51 4
56 6
fn=init_tls
44 2
fl=./elf/../include/scratch_buffer.h
fn=_dl_map_object_deps
77 2
78 1
85 3
131 20
fl=./elf/../misc/sbrk.c
fn=sbrk
37 6
40 1
58 2
62 2
78 5
fl=./elf/../nptl/nptl-stack.h
fn=__libc_early_init
61 8
fl=./elf/../sysdeps/generic/_itoa.h
fn=_dl_check_map_versions
76 36
fl=./elf/../sysdeps/generic/dl-cache.h
fn=_dl_load_cache_lookup
125 4
194 1
195 5
fl=./elf/../sysdeps/generic/dl-call_tls_init_tp.h
fn=init_tls
31 8
33 1
fl=./elf/../sysdeps/generic/dl-debug.h
fn=dl_main
29 4
30 1
fl=./elf/../sysdeps/generic/dl-hash.h
fn=__rtld_malloc_init_real
43 1
44 1
45 19
48 18
62 24
67 1
72 1
fl=./elf/../sysdeps/generic/dl-new-hash.h
fn=_dl_lookup_symbol_x
69 1900
70 3800
74 41158
77 82316
80 40207
81 80414
87 949
88 949
89 1898
90 949
99 39258
101 39258
102 78516
104 39258
105 39258
fl=./elf/../sysdeps/generic/dl-protected.h
fn=do_lookup_x
29 7536
fl=./elf/../sysdeps/generic/ldsodefs.h
fn=_dl_relocate_object
79 62
140 10314
fn=_dl_start
79 6
fn=do_lookup_x
139 3768
140 5652
fl=./elf/../sysdeps/nptl/dl-mutex.c
fn=__rtld_mutex_init
30 7
37 1
40 7
44 2
45 9
47 6
51 2
52 7
53 6
fl=./elf/../sysdeps/nptl/dl-tls_init_tp.c
fn=__tls_init_tp
68 5
69 1
72 1
75 4
76 2
77 1
82 2
87 4
90 1
93 3
105 4
121 3
128 2
129 3
fn=__tls_pre_init_tp
53 3
56 10
61 2
62 1
64 1
fn=rtld_mutex_dummy
42 178
44 356
fl=./elf/../sysdeps/nptl/pthread_early_init.h
fn=__libc_early_init
33 6
34 1
38 5
45 2
46 1
48 2
52 5
53 1
54 1
56 1
fl=./elf/../sysdeps/posix/dl-fileid.h
fn=_dl_map_object_from_fd
37 20
40 20
49 60
fl=./elf/../sysdeps/unix/sysv/linux/brk.c
fn=brk
36 1
37 1
38 2
44 1
45 1
fl=./elf/../sysdeps/unix/sysv/linux/brk_call.h
fn=brk
24 2
fl=./elf/../sysdeps/unix/sysv/linux/dl-osinfo.h
fn=dl_main
39 2
52 1
fl=./elf/../sysdeps/unix/sysv/linux/dl-parse_auxv.h
fn=_dl_sysdep_parse_arguments
32 2
33 1
34 1
41 93
42 44
43 44
45 1
46 2
47 2
48 2
49 1
51 2
52 2
53 2
54 2
56 2
fl=./elf/../sysdeps/unix/sysv/linux/dl-sysdep.c
fn=_dl_sysdep_parse_arguments
78 7
79 2
80 2
81 3
82 38
83 79
86 2
90 56
93 5
94 2
95 3
96 6
fn=_dl_sysdep_start
102 6
103 1
106 2
110 2
113 1
115 2
122 3
123 2
125 5
137 3
140 5
143 4
fn=_dl_sysdep_start_cleanup
147 1
148 1
fl=./elf/../sysdeps/unix/sysv/linux/dl-vdso-setup.h
fn=dl_main
30 1
33 1
36 1
39 1
45 1
fl=./elf/../sysdeps/unix/sysv/linux/dl-vdso.h
fn=dl_main
40 2
41 5
55 2
fl=./elf/../sysdeps/unix/sysv/linux/rseq-internal.h
fn=__tls_init_tp
32 3
34 7
37 2
40 1
fl=./elf/../sysdeps/unix/sysv/linux/x86/dl-hwcap2.h
fn=update_active.constprop.0
25 2
fl=./elf/../sysdeps/unix/sysv/linux/x86/dl-minsigstacksize.h
fn=get_common_indices.constprop.0
24 2
27 2
28 2
65 3
72 1
74 1
fl=./elf/../sysdeps/x86/cpu-features.c
fn=get_common_indices.constprop.0
398 3
402 4
405 5
409 1
410 4
411 4
412 4
413 3
414 2
421 2
423 9
428 8
435 2
436 7
442 2
457 3
fn=init_cpu_features.constprop.0
376 3
377 2
378 6
383 2
384 6
389 2
390 7
682 8
685 1
686 1
687 1
690 1
699 3
702 6
703 1
706 2
708 6
713 1
715 3
717 9
721 7
774 3
781 2
799 1
832 2
866 4
869 2
870 1
878 2
885 2
887 2
891 2
897 2
899 1
1001 3
1002 2
1005 2
1006 2
1012 1
1013 1
1014 1
1015 2
1019 4
1022 4
1028 3
1041 2
1042 4
1081 1
1082 2
1086 3
1103 2
1104 2
1106 3
1107 2
1109 3
1110 2
1113 2
1127 4
1129 4
1135 4
1142 8
fn=update_active.constprop.0
72 8
76 1
84 3
85 3
86 1
94 4
95 1
103 4
104 1
109 4
112 4
113 1
116 5
117 2
121 5
122 3
123 3
124 2
128 5
129 5
130 3
132 2
133 4
147 2
151 7
152 4
154 3
158 4
161 1
164 2
166 2
170 1
171 1
178 4
180 5
186 4
188 5
190 4
195 5
244 3
245 3
261 4
277 2
281 2
282 1
285 4
289 2
293 3
294 2
296 1
297 1
300 2
302 1
305 2
356 5
360 3
369 1
370 8
fl=./elf/../sysdeps/x86/dl-cacheinfo.h
fn=get_common_cache_info.constprop.0
571 11
586 1
587 1
588 2
589 1
590 2
596 3
598 7
601 2
613 1
618 3
622 2
627 5
630 24
637 8
640 26
645 2
649 3
650 2
654 2
658 3
661 4
662 1
667 4
673 4
681 6
683 2
685 4
687 12
689 1
690 1
691 9
693 4
696 7
701 1
703 4
704 3
705 1
708 2
711 2
718 1
720 4
721 1
726 2
731 2
732 1
733 2
734 1
759 3
770 5
771 5
775 2
782 1
783 2
784 1
785 7
fn=handle_intel.constprop.0
250 108
255 24
261 12
262 12
267 48
271 24
276 24
279 60
281 24
284 60
286 24
305 96
fn=init_cpu_features.constprop.0
792 1
793 1
795 1
809 2
811 3
812 3
813 3
814 2
817 3
819 3
820 2
822 3
824 3
825 1
827 3
829 3
830 2
832 3
834 3
836 3
838 5
894 2
895 2
896 2
897 2
898 2
899 2
900 1
901 1
902 1
903 1
904 1
905 1
907 1
910 3
924 3
925 7
930 2
931 6
932 2
939 3
959 6
968 2
969 2
974 12
987 5
995 7
997 2
1000 5
1002 2
1005 5
1006 5
1010 6
1011 3
1017 7
1020 11
1021 10
1022 13
1025 10
1027 10
1040 4
1042 2
1043 2
1044 1
1045 1
1046 1
1047 1
fn=intel_check_word.constprop.0
110 648
113 324
119 216
123 48
125 12
129 120
131 144
133 60
135 120
143 120
152 12
155 138
158 99
162 58
164 189
167 120
168 72
169 60
170 48
172 11
174 22
176 12
177 16
178 12
179 20
180 14
181 12
183 8
184 12
187 21
190 2
194 192
202 168
216 48
246 144
fl=./elf/../sysdeps/x86/dl-get-cpu-features.c
fn=__x86_cpu_features
39 3
71 3
fn=_dl_x86_init_cpu_features
37 1
39 3
41 1
fl=./elf/../sysdeps/x86/dl-isa-level.h
fn=_dl_load_cache_lookup
28 24
fl=./elf/../sysdeps/x86/dl-procinfo.h
fn=_dl_load_cache_lookup
39 8
42 28
fl=./elf/../sysdeps/x86/dl-prop.h
fn=_dl_map_object_from_fd
149 20
fn=_dl_process_pt_gnu_property
95 36
102 18
115 18
118 9
252 6
253 3
254 12
255 6
257 36
258 3
260 9
fn=dl_main
36 2
37 24
40 10
49 40
53 33
71 2
149 4
235 4
236 2
fl=./elf/../sysdeps/x86/get-isa-level.h
fn=_dl_hwcaps_subdirs_active
30 4
31 1
32 3
36 3
39 4
40 4
45 4
48 2
51 5
53 4
54 2
55 2
58 4
fn=update_active.constprop.0
28 1
30 4
31 1
32 3
36 3
38 1
39 2
40 4
45 4
47 1
48 2
51 5
53 4
54 2
55 2
57 1
58 4
fl=./elf/../sysdeps/x86_64/dl-cet.c
fn=_dl_cet_check
145 2
157 2
173 1
179 1
275 2
276 1
277 2
282 4
283 3
285 2
293 5
296 1
300 2
301 1
302 2
303 2
304 2
305 2
308 1
310 1
313 2
361 8
363 6
fn=_dl_cet_setup_features
331 1
334 2
350 1
fl=./elf/../sysdeps/x86_64/dl-hwcaps-subdirs.c
fn=_dl_hwcaps_subdirs_active
29 1
38 3
43 1
48 1
52 1
fl=./elf/../sysdeps/x86_64/dl-irel.h
fn=_dl_fixup
32 4
fl=./elf/../sysdeps/x86_64/dl-machine.h
fn=_dl_fixup
234 79
fn=_dl_relocate_object
81 30
87 8
91 6
97 2
108 6
129 4
132 4
134 8
267 6910
274 6910
278 6910
287 28019
290 6929
291 136
292 13756
295 6
296 9
307 6
314 15
317 20730
320 48
323 48
346 8
347 12
352 6
354 4
363 4
393 35
400 51
402 68
406 51
415 34
423 9642
436 7
460 3
464 4
465 4
466 5
467 2
476 136
478 68
479 68
498 3072
499 1024
503 2048
504 2048
514 2224
518 2224
521 3336
522 1112
730 14
734 8
fn=_dl_start
55 1
278 9
287 27
290 6
291 12
317 8
323 2
fn=_dl_sysdep_start
220 1
fl=./elf/../sysdeps/x86_64/dl-runtime.h
fn=_dl_fixup
28 79
fl=./elf/../sysdeps/x86_64/dl-trampoline.h
fn=_dl_runtime_resolve_xsave
71 79
76 79
79 79
81 79
91 79
97 79
98 79
99 79
100 79
101 79
102 79
103 79
107 79
108 79
111 79
112 79
114 79
115 79
116 79
117 79
118 79
119 79
121 79
128 79
129 79
130 79
131 79
136 79
137 79
138 79
140 79
141 79
142 79
143 79
144 79
145 79
146 79
148 79
150 79
154 79
156 79
fl=./elf/../sysdeps/x86_64/tls_get_addr.S
fn=__tls_get_addr
29 2
30 2
31 2
33 2
34 2
35 2
38 2
39 2
43 2
44 2
45 2
46 2
fl=./elf/./dl-find_object.h
fn=_dl_find_object_from_map
95 14
96 14
97 7
103 35
104 203
105 140
107 21
112 7
fl=./elf/./dl-hwcaps.h
fn=_dl_important_hwcaps
43 9
45 7
46 1
77 8
78 8
79 7
fl=./elf/./dl-load.h
fn=_dl_map_object_from_fd
91 40
92 16
93 20
94 16
96 16
fl=./elf/./dl-main.h
fn=dl_main
109 5
fl=./elf/./dl-map-segments.h
fn=_dl_map_object_from_fd
28 15
29 45
81 5
101 5
102 15
105 15
106 10
108 10
125 5
135 120
137 60
139 150
149 80
155 10
156 5
157 15
158 10
160 10
165 10
168 15
176 35
182 10
186 16
189 4
194 20
fl=./elf/./dl-sym-post.h
fn=lookup_malloc_symbol
41 8
53 12
fl=./elf/./dl-tunable-types.h
fn=__GI___tunable_set_val
84 5
fl=./elf/./elf/dl-audit.c
fn=_dl_audit_activity_map
29 7
30 1
31 3
37 6
fn=_dl_audit_activity_nsid
41 3
45 12
46 3
47 15
fn=_dl_audit_objclose
97 7
98 28
fn=_dl_audit_objopen
77 5
78 20
fn=_dl_audit_preinit
118 1
119 4
fl=./elf/./elf/dl-cache.c
fn=_dl_cache_libcmp
357 82
358 499
360 672
362 234
368 20
369 15
370 203
372 203
374 10
380 438
382 438
383 108
386 183
387 183
390 56
fn=_dl_load_cache_lookup
191 72
205 4
208 32
210 40
211 8
213 20
220 84
222 220
223 72
227 108
231 108
232 72
240 18
242 10
245 10
247 30
249 5
259 8
269 12
270 16
286 28
295 8
298 8
301 4
302 12
330 8
346 32
347 20
349 12
403 40
405 8
408 12
411 5
419 5
420 8
423 6
424 1
431 1
432 2
477 9
482 12
485 12
500 8
512 12
513 60
514 16
515 4
516 32
fn=_dl_unload_cache
525 3
526 4
528 2
529 1
533 1
535 2
fl=./elf/./elf/dl-call-libc-early-init.c
fn=_dl_call_libc_early_init
27 7
29 2
33 5
37 2
39 4
40 2
41 3
fl=./elf/./elf/dl-call_fini.c
fn=_dl_call_fini
24 56
28 14
32 7
34 7
35 14
38 10
39 15
42 44
43 6
47 7
48 14
49 15
50 37
fl=./elf/./elf/dl-catch.c
fn=_dl_catch_error
254 12
256 2
257 2
258 2
259 2
261 6
fn=_dl_catch_exception
58 39
59 26
69 26
70 65
204 104
207 26
214 13
228 13
229 26
235 78
237 39
239 52
248 39
fn=_dl_receive_error
58 2
59 1
69 2
70 2
186 7
188 1
192 1
194 1
197 1
198 4
fl=./elf/./elf/dl-debug.c
fn=_dl_debug_initialize
56 3
57 1
59 2
61 2
63 3
64 1
85 3
90 3
91 2
92 1
95 3
96 6
99 2
107 2
fn=_dl_debug_state
116 2
117 2
fn=_dl_debug_update
38 6
40 12
41 6
44 12
48 6
fl=./elf/./elf/dl-deps.c
fn=_dl_map_object_deps
128 3
129 5
130 6
132 3
136 8
143 13
144 20
160 9
161 1
164 1
182 1
183 6
184 1
188 15
190 27
193 7
197 21
198 46
201 20
205 10
208 22
210 20
215 5
216 5
217 10
218 10
219 5
221 631
222 298
228 113
230 12
232 48
233 24
242 12
244 24
249 35
252 5
253 5
254 5
255 10
256 5
257 5
259 20
263 36
264 27
266 411
417 14
419 25
422 10
423 20
429 5
430 25
431 25
434 5
435 10
439 21
441 7
442 32
448 5
449 1
452 4
463 5
465 4
470 5
471 1
472 2
474 25
478 7
483 14
485 21
490 7
494 2
495 3
532 2
533 2
547 9
552 9
553 5
557 1
559 2
560 1
561 3
568 3
571 2
574 8
fn=openaux
61 72
64 132
65 12
68 12
69 36
fl=./elf/./elf/dl-environ.c
fn=_dl_next_ld_env_entry
28 3
29 3
32 118
34 76
35 12
37 2
40 4
42 2
45 36
fl=./elf/./elf/dl-find_object.c
fn=_dl_find_object_init
561 5
564 1
566 2
567 3
579 2
580 3
582 2
585 2
590 1
591 1
594 3
596 2
599 6
601 1
604 4
fn=_dlfo_process_initial
474 8
475 2
477 2
478 4
504 24
505 34
506 14
508 52
511 48
513 36
515 12
516 12
517 24
529 2
531 8
fn=_dlfo_sort_mappings
536 1
537 2
540 24
544 10
545 70
546 75
548 5
549 5
553 20
554 25
555 10
557 1
fl=./elf/./elf/dl-fini.c
fn=_dl_fini
26 11
43 1
46 13
49 2
51 1
54 2
56 5
61 1
63 4
68 18
73 25
75 14
77 14
79 14
80 7
81 7
85 7
87 6
88 6
94 6
103 2
108 41
110 7
112 14
114 28
117 14
122 7
126 5
132 6
134 1
138 2
145 8
fl=./elf/./elf/dl-hwcaps.c
fn=_dl_important_hwcaps
52 16
54 2
55 4
56 2
57 2
77 16
80 16
84 2
86 6
87 2
88 2
100 5
102 3
105 1
108 1
112 5
125 12
127 10
128 4
129 4
130 2
133 3
142 13
143 11
145 8
151 5
155 4
156 3
157 3
161 1
162 2
163 2
172 14
174 2
175 3
185 2
186 3
189 3
193 2
194 2
201 1
202 5
208 2
209 1
213 3
216 9
fl=./elf/./elf/dl-hwcaps_split.c
fn=_dl_hwcaps_split
25 5
26 3
27 1
47 4
fn=_dl_hwcaps_split_masked
26 44
30 24
34 78
35 12
36 24
41 36
42 18
43 12
45 6
51 110
55 5
56 18
57 27
58 24
60 6
62 88
67 12
fl=./elf/./elf/dl-init.c
fn=_dl_init
29 16
35 40
37 41
81 13
82 1
83 1
86 3
89 2
94 4
119 1
120 32
121 14
127 8
fn=call_init.part.0
26 84
43 21
46 21
47 2
51 12
59 18
60 24
63 6
64 12
70 15
72 10
73 117
74 92
76 56
fl=./elf/./elf/dl-load.c
fn=_dl_dst_count
238 108
241 24
244 24
245 12
264 108
fn=_dl_init_paths
706 13
720 4
725 1
727 3
734 3
735 2
739 4
741 4
747 1
748 1
756 8
758 8
759 4
761 5
762 7
763 4
766 13
767 10
768 18
770 32
776 1
777 1
782 1
785 3
787 4
789 3
806 1
808 3
822 2
825 5
827 23
831 2
832 248
833 61
834 122
836 1
837 1
838 2
844 6
847 3
853 1
857 8
fn=_dl_map_object
682 43
685 4
688 6
691 2
692 1
696 20
1967 156
1969 5
1975 26
1976 52
1979 272
1984 357
1986 255
1990 86
1991 129
1994 110
1995 66
1996 110
2010 20
2011 15
2019 15
2034 5
2036 25
2040 16
2042 8
2049 16
2053 4
2054 4
2058 15
2059 5
2073 20
2074 28
2075 4
2084 8
2099 8
2100 64
2106 12
2107 4
2115 4
2129 8
2131 12
2135 12
2137 8
2141 8
2149 8
2172 36
2176 12
2177 4
2194 8
2200 1
2201 4
2202 2
2203 2
2207 9
2210 3
2222 20
2267 10
2268 88
2270 122
fn=_dl_map_object_from_fd
944 70
959 20
989 95
990 40
1008 10
1036 20
1046 10
1053 40
1054 10
1065 10
1066 15
1067 10
1069 15
1070 20
1071 8
1074 17
1075 6
1086 5
1088 5
1090 110
1091 5
1092 5
1093 5
1094 5
1100 210
1101 507
1107 10
1114 13
1115 15
1116 50
1121 2
1122 1
1127 155
1135 100
1136 130
1137 100
1138 20
1139 40
1141 140
1143 40
1156 40
1157 75
1162 20
1163 205
1176 9
1180 12
1181 3
1185 15
1186 6
1189 3
1194 12
1209 10
1210 5
1213 15
1218 35
1228 95
1229 40
1235 10
1245 20
1252 35
1264 5
1268 20
1269 15
1275 14
1276 10
1278 10
1288 15
1307 15
1309 30
1361 15
1362 6
1368 170
1369 280
1375 80
1380 20
1393 10
1395 20
1397 10
1413 10
1417 10
1418 10
1435 10
1436 1
1439 10
1444 10
1449 10
1461 40
1462 12
1463 27
1464 9
1465 5
1471 10
1472 12
1477 6
1484 15
1487 10
1491 15
1492 15
1510 10
1514 35
1515 20
1519 45
fn=_dl_process_pt_gnu_property
868 18
869 12
870 6
876 12
882 30
885 18
886 12
887 12
890 18
891 18
895 6
896 12
900 18
901 9
904 18
907 9
908 36
918 18
920 24
fn=expand_dynamic_string_token
241 12
244 8
385 40
399 8
410 28
fn=fillin_rpath.isra.0
468 17
472 1
474 30
477 1
478 1
481 8
483 18
487 6
492 9
493 6
500 15
505 6
509 57
510 38
517 3
518 2
521 2
528 12
532 12
534 6
538 3
539 6
540 12
541 3
543 6
549 12
550 42
551 12
553 6
554 9
555 3
561 6
562 3
565 9
571 1
574 8
fn=open_path
1812 44
1813 8
1816 4
1817 4
1819 8
1822 8
1824 88
1827 24
1831 12
1835 72
1842 72
1843 264
1846 72
1851 231
1854 42
1860 63
1863 168
1865 63
1867 12
1872 12
1873 42
1879 18
1881 44
1882 2
1884 6
1891 89
1893 48
1937 72
1941 12
1943 48
1946 12
1960 36
fn=open_verify.constprop.0
1572 312
1604 78
1609 42
1623 130
1625 52
1633 5
1634 15
1639 30
1641 10
1643 10
1645 10
1651 10
1668 74
1749 10
1754 10
1760 20
1766 10
1772 20
1773 20
1777 16
1778 5
1799 234
fl=./elf/./elf/dl-lookup-direct.c
fn=_dl_lookup_direct
32 15
33 9
35 6
36 6
48 9
51 6
53 21
57 9
58 21
59 15
74 39
76 6
78 21
79 6
81 12
84 25
86 12
93 6
115 3
116 27
fl=./elf/./elf/dl-lookup.c
fn=_dl_lookup_symbol_x
772 24700
774 3800
775 7600
778 1900
782 7562
785 3800
787 3800
791 26680
792 32300
797 9500
799 96
816 1900
817 48
820 3800
821 13172
828 1948
856 7536
870 5652
871 2
873 3768
890 7536
892 17100
fn=check_match
70 28380
73 15136
78 18
86 9435
89 4362
93 1887
94 3774
96 3768
115 3768
116 15072
117 9400
118 8
119 8
144 6
146 18
147 12
150 2
151 7
153 3
161 1883
162 15136
fn=do_lookup_x
170 300
171 307
172 940
174 98
175 294
176 530
179 152
180 152
181 82
182 152
183 70
222 492
224 738
226 164
227 82
228 328
230 2694
231 486
234 352
235 176
254 352
257 95
258 285
259 322
262 1377
269 12
272 4
279 298
280 276
281 350
285 20
286 2
287 2
288 4
289 8
300 3
302 2
305 1
306 1
307 2
310 164
311 492
318 328
329 574
331 164
333 246
334 164
347 26600
348 1900
353 1900
354 1900
358 12170
361 12170
365 15976
386 12168
390 12168
396 18252
400 6084
401 6084
404 30420
405 18252
408 6084
409 12168
411 6084
412 5700
413 12168
415 13300
416 24336
419 42588
422 3872
423 5808
424 3872
426 3862
429 24045
431 5676
432 47729
433 3784
436 5676
439 8796
461 15064
470 385
472 2
476 3768
483 9960
487 3711
491 1
499 3604
500 1802
501 1884
518 12603
521 16
522 15200
fl=./elf/./elf/dl-minimal-malloc.c
fn=__minimal_calloc
80 85
84 17
87 17
88 51
fn=__minimal_free
97 8
99 23
103 5
104 1
106 2
fn=__minimal_malloc
36 368
37 138
42 3
43 2
44 2
48 183
51 310
56 12
57 12
59 3
60 24
62 6
64 12
65 9
67 8
70 47
71 50
73 276
fl=./elf/./elf/dl-minimal.c
fn=__rtld_malloc_init_real
76 10
86 2
87 1
89 1
91 6
92 5
93 5
94 4
99 1
100 1
101 1
102 1
103 8
fn=__rtld_malloc_init_stubs
42 1
43 2
44 2
45 2
46 2
47 1
fn=lookup_malloc_symbol
61 36
63 4
64 28
68 28
69 28
71 4
72 24
fn=strsep
239 5
242 10
244 5
245 10
247 8
249 188
251 122
254 238
256 348
260 6
264 58
267 4
271 10
fl=./elf/./elf/dl-misc.c
fn=_dl_higher_prime_number
87 2
124 2
125 2
127 26
129 80
130 30
131 6
133 7
145 2
146 2
fn=_dl_name_match_p
68 812
69 464
70 20
72 116
74 458
75 665
80 113
82 96
83 464
fn=_dl_sysdep_read_whole_file
36 11
39 3
40 2
42 6
44 2
47 2
49 8
60 3
63 8
fl=./elf/./elf/dl-object.c
fn=_dl_add_to_namespace_list
31 54
33 18
35 53
38 80
40 5
42 5
45 2
46 18
47 12
48 12
50 12
51 30
fn=_dl_new_object
59 90
62 12
64 2
66 3
67 2
71 6
77 2
80 10
83 26
87 10
92 5
95 12
98 6
99 6
100 12
103 12
104 42
106 6
119 28
123 5
125 1
127 42
130 12
131 12
132 6
136 6
139 40
141 20
149 12
150 6
153 1
155 36
157 20
160 14
164 24
168 35
176 1
179 12
189 24
191 20
195 15
199 10
200 10
208 5
212 5
245 20
250 168
251 168
255 10
256 5
259 5
263 54
fl=./elf/./elf/dl-reloc.c
fn=_dl_relocate_object
170 14092
171 6876
174 23214
175 19444
177 1621
178 6482
182 3634
183 1817
184 1817
186 14542
187 9055
188 3622
190 12816
193 1817
194 12719
196 1621
207 88
208 16
220 14
221 21
224 28
226 21
228 7
229 21
251 35
252 14
253 3
255 14
262 21
301 10279
304 35
328 7
331 14
348 21
350 64
356 42
359 14
363 14
364 42
fl=./elf/./elf/dl-runtime.c
fn=_dl_fixup
46 869
48 395
49 237
54 79
55 316
56 553
58 158
63 158
67 158
69 79
71 237
75 237
76 316
77 237
84 79
85 237
95 869
99 395
109 790
124 316
125 8
133 237
159 237
163 632
fl=./elf/./elf/dl-setup_hash.c
fn=_dl_setup_hash
25 14
28 21
31 21
32 14
33 7
34 7
36 21
37 7
38 21
40 7
41 14
43 7
45 21
50 7
fl=./elf/./elf/dl-sort-maps.c
fn=_dl_sort_maps
140 64
181 2
182 4
183 52
184 28
211 34
216 4
218 2
219 10
221 44
223 14
226 40
244 8
263 8
276 8
283 2
298 26
306 6
310 18
fn=_dl_sort_maps_init
289 4
290 4
291 1
292 3
293 2
fn=dfs_traversal.part.0
135 126
140 70
143 14
145 42
147 186
156 49
171 42
172 14
173 90
fl=./elf/./elf/dl-tunables.c
fn=__GI___tunable_set_val
72 50
82 5
93 40
94 25
97 10
100 35
104 10
111 10
112 10
115 25
116 5
117 5
118 5
153 30
157 15
fn=__GI___tunables_init
42 195
45 38
48 3829
52 76
56 152
128 1
261 10
267 4
281 6232
283 2
287 11286
304 8
fn=__tunable_get_val
387 80
390 474
399 52
400 15
409 31
416 240
418 40
fl=./elf/./elf/dl-tunables.h
fn=__GI___tunable_set_val
141 10
142 10
151 5
fn=__GI___tunables_init
160 712
161 1760
fl=./elf/./elf/dl-version.c
fn=_dl_check_all_versions
392 7
394 1
396 26
397 7
398 63
401 7
fn=_dl_check_map_versions
36 202
37 53
38 337
56 212
64 159
70 159
86 53
87 106
89 53
94 2037
108 1772
110 53
113 424
120 2499
124 833
155 70
156 7
164 12
170 21
172 35
174 7
175 7
177 14
180 15
184 40
198 7
200 36
208 36
213 36
215 41
217 212
218 388
221 106
224 159
225 5
228 26
231 212
234 159
239 41
243 36
248 7
257 30
260 10
263 551
266 412
270 129
274 18
279 6
280 24
281 18
291 6
294 32
296 12
299 20
301 7
303 36
306 159
308 212
310 265
311 106
312 159
313 159
316 159
321 41
324 36
329 7
334 12
337 10
341 129
343 268
347 129
348 645
349 387
350 129
353 402
357 129
365 10
366 10
367 10
368 4
370 4
372 124
373 60
375 2
376 7
387 63
fl=./elf/./elf/do-rel.h
fn=_dl_relocate_object
49 42
50 42
51 7
53 70
72 8
73 9
80 42
83 3352
85 4448
96 12
97 4
114 36
123 3100
124 2048
126 36
129 40
131 14122
133 17585
134 14068
135 10551
136 14068
138 10551
141 272
142 68
143 68
147 3449
150 10370
151 144
164 24
165 285
166 252
169 204
171 272
172 68
173 136
180 31
182 42
183 12
185 18
193 6
196 18
211 7
fn=_dl_start
49 6
50 4
51 1
53 10
56 4
61 13
63 9
64 6
65 3
fl=./elf/./elf/get-dynamic-info.h
fn=_dl_map_object_from_fd
39 10
43 5
45 567
49 276
51 74
52 37
53 6
54 129
55 109
56 25
59 20
62 20
64 20
68 138
72 20
84 17
85 20
86 20
87 20
88 17
89 19
90 19
91 20
103 40
110 16
115 8
122 8
123 15
129 15
130 6
147 15
152 4
154 4
156 4
158 4
159 4
162 15
164 9
165 6
174 6
175 9
180 6
181 6
184 10
fl=./elf/./elf/libc-dl-profstub.c
fn=_dl_mcount_wrapper_check
36 128
37 384
38 128
fl=./elf/./elf/libc_early_init.c
fn=__libc_early_init
33 9
35 1
38 2
41 2
47 4
49 2
fl=./elf/./elf/rtld.c
fn=_dl_start
85 8
458 2
476 3
477 1
478 2
488 1
494 4
496 2
517 16
543 1
546 2
547 4
563 190
565 1
578 1
585 9
fn=dl_main
85 17
92 12
93 2
101 9
197 2
199 1
224 3
225 5
226 4
296 3
302 1
303 1
837 1
839 1
848 1
850 1
855 1
1115 1
1116 1
1118 1
1122 3
1124 1
1125 1
1140 1
1143 46
1144 117
1148 3
1153 3
1154 9
1163 2
1164 2
1166 1
1173 3
1191 2
1199 8
1200 17
1201 8
1202 1
1204 12
1205 14
1209 8
1210 8
1211 4
1215 12
1243 2
1247 3
1253 28
1254 61
1260 17
1266 4
1269 3
1271 3
1346 13
1351 1
1352 1
1357 1
1373 3
1374 4
1637 10
1639 2
1640 3
1641 2
1642 3
1646 2
1647 2
1672 3
1673 5
1674 3
1675 3
1678 1
1680 1
1681 1
1683 2
1684 2
1688 2
1690 2
1698 4
1705 2
1708 2
1733 4
1735 1
1740 2
1743 4
1744 4
1745 3
1746 1
1747 1
1748 1
1759 2
1760 2
1762 2
1764 1
1765 3
1770 5
1771 5
1773 3
1779 2
1788 2
1792 1
1793 2
1817 2
1823 1
1824 1
1825 1
1829 3
1834 3
1836 1
1838 2
1842 5
1847 2
1863 6
1939 4
1943 19
1944 1
1947 3
1948 1
1949 2
1950 2
1955 3
1965 9
1971 31
1972 18
1975 3
1976 2
1977 1
1979 26
1980 12
1984 2
1990 1
1992 3
1993 2
1995 2
1997 3
1999 3
2000 1
2001 2
2013 2
2014 2
2015 3
2026 5
2027 4
2028 5
2038 2
2039 2
2040 4
2042 2
2047 3
2246 3
2250 3
2256 2
2259 2
2267 2
2279 3
2282 3
2284 3
2285 6
2292 2
2293 30
2295 14
2300 14
2302 16
2304 1
2305 1
2308 7
2310 14
2311 48
2315 20
2316 9
2325 2
2329 4
2331 1
2338 4
2341 2
2345 3
2347 2
2357 1
2362 3
2365 1
2371 1
2372 5
2380 3
2387 1
2390 3
2394 3
2395 1
2396 1
2397 1
2401 1
2406 8
2538 1
2598 1
2600 2
2602 15
2604 2
2606 107
2607 19
2615 13
2640 2
2650 4
2652 2
2653 1
2687 5
2689 2
2690 2
2691 1
2727 5
2749 3
fn=handle_preload_list
183 3
806 1
810 2
811 2
812 1
814 1
816 6
817 3
825 3
869 13
870 3
874 5
877 4
878 3
880 4
881 2
887 1
889 2
891 2
892 1
895 9
fn=init_tls
734 4
736 2
740 3
746 2
749 1
750 1
751 1
755 1
757 1
761 2
762 2
763 18
764 7
765 14
769 9
771 3
773 3
776 2
779 1
786 2
787 2
793 2
797 1
800 5
fn=map_doit
641 6
643 4
644 6
646 3
fn=version_check_doit
674 6
676 6
680 3
fl=./elf/./get-dynamic-info.h
fn=_dl_start
45 75
49 36
51 10
52 5
54 20
55 16
56 5
59 4
62 4
64 4
68 18
72 3
84 4
85 3
86 4
87 4
88 5
89 3
90 4
91 4
103 10
110 3
123 3
129 3
130 3
133 2
134 3
139 5
142 5
fn=dl_main
39 4
43 1
45 115
49 56
51 12
52 6
54 25
55 21
56 5
59 4
62 4
64 4
68 28
72 7
84 3
85 5
86 5
87 5
88 4
89 5
90 5
91 5
103 9
110 3
115 2
122 3
123 4
129 3
147 4
152 2
154 2
156 2
158 2
159 2
162 4
164 3
165 2
174 2
175 3
180 2
181 3
184 3
fl=./elf/./setup-vdso.h
fn=dl_main
24 2
fl=./iconv/./iconv/gconv_simple.c
fn=__gconv_btwoc_ascii
49 128
51 512
54 128
fl=./io/../sysdeps/unix/sysv/linux/access.c
fn=access
25 1
27 7
31 1
fl=./io/../sysdeps/unix/sysv/linux/close_nocancel.c
fn=__GI___close_nocancel
25 6
26 24
27 6
fl=./io/../sysdeps/unix/sysv/linux/fstat64.c
fn=fstat
30 7
39 28
72 7
fl=./io/../sysdeps/unix/sysv/linux/fstatat64.c
fn=fstatat
91 12
146 12
160 10
161 23
162 1
fl=./io/../sysdeps/unix/sysv/linux/open64_nocancel.c
fn=__open_nocancel
28 108
31 189
39 252
41 54
fl=./io/../sysdeps/unix/sysv/linux/pread64_nocancel.c
fn=__pread64_nocancel
25 4
26 8
27 2
fl=./io/../sysdeps/unix/sysv/linux/read_nocancel.c
fn=__read_nocancel
25 5
26 20
27 5
fl=./io/../sysdeps/unix/sysv/linux/stat64.c
fn=stat
28 12
29 24
fl=./io/../sysdeps/unix/sysv/linux/write.c
fn=write
25 106
26 636
27 106
fl=./libio/../include/printf_buffer.h
fn=vsnprintf
124 240
127 80
128 80
137 160
fl=./libio/./libio/filedoalloc.c
fn=_IO_file_doallocate
78 11
83 1
84 9
86 4
97 4
101 3
102 2
104 4
105 1
106 9
fl=./libio/./libio/fileops.c
fn=_IO_do_write@@GLIBC_2.2.5
424 1272
426 742
427 848
434 212
441 424
444 106
449 530
450 530
452 318
453 212
454 106
455 318
456 530
fn=_IO_file_overflow@@GLIBC_2.2.5
732 8
733 4
740 3
743 2
745 2
746 6
755 3
764 3
765 1
766 1
767 1
768 1
769 3
771 3
772 5
775 2
778 2
781 3
782 3
783 4
787 1
788 6
fn=_IO_file_setbuf@@GLIBC_2.2.5
382 6
383 3
386 1
388 3
390 2
391 3
fn=_IO_file_stat
1147 1
1148 2
fn=_IO_file_sync@@GLIBC_2.2.5
793 819
798 468
799 742
800 117
801 234
812 234
816 585
fn=_IO_file_write@@GLIBC_2.2.5
1174 848
1175 212
1176 636
1180 318
1181 318
1182 212
1187 106
1188 106
1190 318
1191 318
1194 636
fn=_IO_file_xsputn@@GLIBC_2.2.5
1198 2916
1204 1296
1205 324
1211 1296
1213 648
1228 972
1229 648
1234 648
1236 1620
1237 324
1238 972
1240 648
1268 2916
fl=./libio/./libio/genops.c
fn=_IO_cleanup
776 6
777 10
780 13
784 3
785 36
792 7
794 6
796 4
798 2
800 3
801 1
805 5
807 3
814 3
816 30
817 3
821 7
822 2
842 12
843 2
855 12
fn=_IO_default_setbuf
330 5
332 1
333 1
337 2
452 10
453 5
455 4
457 3
458 2
462 1
466 4
467 1
468 6
fn=_IO_doallocbuf
343 8
344 2
346 3
347 5
350 6
fn=_IO_flush_all
686 12
687 3
691 6
692 9
695 12
697 3
698 36
700 21
708 33
709 3
713 7
714 2
718 12
fn=_IO_setb
329 11
330 4
332 1
333 1
335 6
338 6
fn=__overflow
199 5
201 3
202 1
203 3
204 2
fl=./libio/./libio/iofflush.c
fn=fflush
32 696
33 232
39 1392
40 580
44 580
fl=./libio/./libio/iofwrite.c
fn=fwrite
31 2916
32 648
35 1944
37 4536
38 1620
39 2268
45 1296
46 324
49 2916
fl=./libio/./libio/libioP.h
fn=_IO_cleanup
1025 3
1026 2
fn=_IO_default_setbuf
1025 3
1026 2
fn=_IO_do_write@@GLIBC_2.2.5
1025 318
1026 212
fn=_IO_doallocbuf
1025 3
1026 2
fn=_IO_file_doallocate
1025 3
1026 2
fn=_IO_flush_all
1025 2
fn=__overflow
1025 3
1026 2
fn=fflush
979 232
980 928
1025 348
1026 232
fn=fwrite
979 648
980 2916
1025 648
1026 648
fl=./libio/./libio/putc.c
fn=putc
25 9828
28 2184
29 7644
34 6551
fl=./libio/./libio/vsnprintf.c
fn=vsnprintf
63 160
66 80
75 240
76 80
87 160
96 320
102 880
104 480
fl=./libio/./libio/vtables.c
fn=check_stdfiles_vtables
545 1
546 4
547 3
548 3
550 1
fl=./locale/./locale/newlocale.c
fn=newlocale
43 15
55 2
56 1
63 2
66 3
73 4
75 1
277 12
fl=./locale/./locale/uselocale.c
fn=uselocale
30 162
31 486
33 324
36 324
37 162
65 486
66 486
68 486
72 486
73 162
fl=./malloc/../string/bits/string_fortified.h
fn=tcache_init.part.0
59 88
fl=./malloc/../sysdeps/unix/sysv/linux/not-cancel.h
fn=ptmalloc_init.part.0
97 6
fl=./malloc/./malloc/arena.c
fn=free
153 1203
fn=malloc
153 808
264 1
fn=ptmalloc_init.part.0
262 8
267 1
292 2
296 3
300 4
301 4
302 4
303 4
304 4
305 4
306 4
308 4
309 4
310 4
313 4
314 4
316 2
326 8
fl=./malloc/./malloc/malloc.c
fn=_int_free
1792 399
3163 4
3165 8
3166 2
3167 4
4495 2807
4499 1203
4505 1604
4506 802
4510 2005
4517 802
4518 2406
4521 2
4527 6
4547 10
4550 2
4561 798
4637 798
4640 798
4643 798
4646 798
4658 2007
fn=_int_free_maybe_consolidate
4770 4389
4776 798
4778 636
4781 477
4784 795
4785 400
4798 4069
fn=_int_free_merge_chunk
1992 1197
4665 3192
4666 399
4670 2394
4673 1596
4675 1197
4678 1197
4681 798
4682 798
4683 798
4689 798
4701 1197
4702 2793
4714 798
4756 399
4757 1197
4758 798
fn=_int_malloc
1326 810
1345 2430
1794 405
2008 16
2017 2
2552 24
2553 3
2564 8
2565 3
2568 4
2576 6
2577 2
2589 12
2590 6
2599 28
2605 6
2608 9
2669 9
2677 6
2678 9
2691 9
2693 3
2699 15
2707 6
2709 12
2710 9
2711 3
2712 3
2715 6
2744 17
2745 1
2746 6
2752 24
2753 12
2755 4
2782 2
2783 1
2795 3
2814 2
2817 2
2818 6
2820 1
2821 6
2833 5
2873 1
2875 1
2876 5
2877 1
2888 3
2921 9
2922 3
2926 3
2930 15
2932 3
2933 3
2934 3
2935 21
2936 6
2938 3
3846 4455
3882 1
3887 810
3914 810
3916 4
3919 1
3921 2
3930 3
3977 808
3979 14
3980 6
3982 9
4039 6990
4040 1206
4058 1213
4059 1215
4060 1215
4070 2027
4257 1215
4259 1608
4262 1206
4263 405
4330 405
4331 810
4332 810
4333 810
4334 2430
4339 1620
4343 1237
4346 32
4443 405
4444 810
4446 810
4449 1215
4451 401
4452 802
4453 401
4454 3208
4456 802
4459 802
4460 1215
4461 405
4466 16
4482 5
4487 4860
fn=alloc_perturb
1985 1215
1987 405
fn=free
3359 2814
3363 804
3371 804
3373 402
3375 1206
3379 3
3381 4
3383 2
3384 2
3385 1
3388 2
3392 1203
3398 1203
3401 402
3402 2412
fn=malloc
1326 808
1345 2020
3248 4
3294 3232
3301 808
3311 808
3313 1616
3316 808
3318 6
3326 808
3328 1616
3329 2020
3354 2424
fn=munmap_chunk
3024 2
3025 2
3026 3
3028 2
3030 1
3031 3
3032 1
3038 4
3039 5
3042 1
3043 3
3048 2
3049 1
fn=ptmalloc_init.part.0
1946 385
1949 381
1957 1
1958 1
1960 1
3143 2
fn=sysmalloc_mmap.isra.0
2008 4
2400 6
2413 3
2418 2
2421 10
2424 2
2428 2
2432 4
2448 3
2466 1
2467 3
2471 3
2472 5
2475 3
2476 5
2481 7
fn=systrim.constprop.0
2957 480
2966 240
2968 80
2969 160
2970 79
2974 240
2975 80
2978 400
2980 160
2987 3
2988 4
3000 3
3001 2
3003 1
3005 2
3009 2
3012 1
3013 4
3015 2
3020 480
fn=tcache_init.part.0
3242 4
3251 8
3252 3
3253 2
3261 4
3270 2
3274 3
fl=./malloc/./malloc/morecore.c
fn=__glibc_morecore
25 21
26 14
29 7
30 14
34 14
fl=./malloc/./malloc/scratch_buffer_set_array_size.c
fn=__libc_scratch_buffer_set_array_size
30 65
34 5
35 10
45 10
46 5
63 30
fl=./math/../sysdeps/x86_64/fpu/multiarch/e_asin.c
fn=__acos_finite@GLIBC_2.15
35 1
fn=__asin_finite@GLIBC_2.15
27 2
fl=./math/../sysdeps/x86_64/fpu/multiarch/e_atan2.c
fn=__atan2_finite@GLIBC_2.15
26 2
fl=./math/../sysdeps/x86_64/fpu/multiarch/e_exp.c
fn=__exp_finite@GLIBC_2.15
27 2
fl=./math/../sysdeps/x86_64/fpu/multiarch/e_exp2f.c
fn=exp2f@@GLIBC_2.27
27 2
fl=./math/../sysdeps/x86_64/fpu/multiarch/e_expf.c
fn=expf@@GLIBC_2.27
27 2
fl=./math/../sysdeps/x86_64/fpu/multiarch/e_log.c
fn=__log_finite@GLIBC_2.15
27 2
fl=./math/../sysdeps/x86_64/fpu/multiarch/e_log2.c
fn=log2@@GLIBC_2.29
27 2
fl=./math/../sysdeps/x86_64/fpu/multiarch/e_log2f.c
fn=log2f@@GLIBC_2.27
27 2
fl=./math/../sysdeps/x86_64/fpu/multiarch/e_logf.c
fn=logf@@GLIBC_2.27
27 2
fl=./math/../sysdeps/x86_64/fpu/multiarch/e_pow.c
fn=__pow_finite@GLIBC_2.15
27 2
fl=./math/../sysdeps/x86_64/fpu/multiarch/e_powf.c
fn=powf@@GLIBC_2.27
30 1
fl=./math/../sysdeps/x86_64/fpu/multiarch/ifunc-avx-fma4.h
fn=__atan2_finite@GLIBC_2.15
32 5
33 2
fn=__exp_finite@GLIBC_2.15
32 5
33 2
fn=__log_finite@GLIBC_2.15
32 5
33 2
fn=cos
32 5
33 2
fn=sin
32 5
33 2
fl=./math/../sysdeps/x86_64/fpu/multiarch/ifunc-fma.h
fn=__log1p
29 4
30 3
fn=cosf
29 4
30 3
fn=exp2f@@GLIBC_2.27
29 4
30 3
fn=expf@@GLIBC_2.27
29 4
30 3
fn=expm1
29 4
30 3
fn=log2@@GLIBC_2.29
29 4
30 3
fn=log2f@@GLIBC_2.27
29 4
30 3
fn=logf@@GLIBC_2.27
29 4
30 3
fn=powf@@GLIBC_2.27
29 4
30 4
fn=sincosf
29 4
30 3
fn=sinf
29 4
30 3
fl=./math/../sysdeps/x86_64/fpu/multiarch/ifunc-fma4.h
fn=__acos_finite@GLIBC_2.15
31 4
32 2
35 1
fn=__asin_finite@GLIBC_2.15
31 4
32 2
fn=__pow_finite@GLIBC_2.15
31 4
32 2
fn=sincos
31 4
32 2
fl=./math/../sysdeps/x86_64/fpu/multiarch/s_cosf.c
fn=cosf
26 2
fl=./math/../sysdeps/x86_64/fpu/multiarch/s_expm1.c
fn=expm1
26 2
fl=./math/../sysdeps/x86_64/fpu/multiarch/s_fma.c
fn=fma
49 6
fl=./math/../sysdeps/x86_64/fpu/multiarch/s_log1p.c
fn=__log1p
26 2
fl=./math/../sysdeps/x86_64/fpu/multiarch/s_sin.c
fn=cos
34 2
fn=sin
27 2
fl=./math/../sysdeps/x86_64/fpu/multiarch/s_sincos.c
fn=sincos
26 2
fl=./math/../sysdeps/x86_64/fpu/multiarch/s_sincosf.c
fn=sincosf
26 2
fl=./math/../sysdeps/x86_64/fpu/multiarch/s_sinf.c
fn=sinf
26 2
fl=./misc/../sysdeps/unix/syscall-template.S
fn=mprotect
117 35
122 7
fn=munmap
117 10
122 2
fl=./misc/../sysdeps/unix/sysv/linux/brk.c
fn=brk
36 5
37 10
38 10
44 5
45 5
fl=./misc/../sysdeps/unix/sysv/linux/brk_call.h
fn=brk
24 10
fl=./misc/../sysdeps/unix/sysv/linux/mmap64.c
fn=mmap
47 189
50 54
53 114
58 162
60 108
fl=./misc/../sysdeps/unix/sysv/linux/setvmaname.c
fn=__set_vma_name
33 19
35 16
40 14
47 2
48 1
49 18
fl=./misc/./misc/init-misc.c
fn=__init_misc
30 5
31 6
33 3
37 5
38 3
40 4
fl=./misc/./misc/sbrk.c
fn=sbrk
37 56
40 14
43 14
58 14
59 4
62 14
63 2
66 16
68 2
74 12
78 49
fl=./nptl/../sysdeps/nptl/futex-internal.h
fn=__pthread_once_slow
209 8
fl=./nptl/../sysdeps/unix/sysv/linux/x86/elision-conf.c
fn=__lll_elision_init
92 8
96 5
98 4
100 4
102 4
104 4
107 3
108 1
109 6
fl=./nptl/./nptl/alloca_cutoff.c
fn=__libc_alloca_cutoff
27 80
28 720
35 80
fl=./nptl/./nptl/cleanup_compat.c
fn=_pthread_cleanup_pop@@GLIBC_2.34
40 1
43 2
47 2
49 1
fn=_pthread_cleanup_push@@GLIBC_2.34
25 1
28 1
29 1
30 2
32 1
33 1
fl=./nptl/./nptl/libc-cleanup.c
fn=__libc_cleanup_pop_restore
54 2
55 2
57 4
59 2
60 6
71 2
fn=__libc_cleanup_push_defer
24 2
25 2
27 4
29 4
32 4
46 6
48 2
49 2
fl=./nptl/./nptl/pthread_mutex_conf.c
fn=__pthread_tunables_init
55 8
56 5
58 4
60 4
62 6
fl=./nptl/./nptl/pthread_mutex_lock.c
fn=pthread_mutex_lock@@GLIBC_2.2.5
44 1
45 7
46 1
77 5
80 3
82 1
84 2
88 2
97 2
108 4
112 1
115 2
124 1
130 3
131 2
179 1
182 1
184 1
187 1
190 3
fl=./nptl/./nptl/pthread_mutex_unlock.c
fn=pthread_mutex_unlock@@GLIBC_2.2.5
39 1
40 4
41 1
51 3
52 2
57 2
62 1
65 1
70 1
72 1
74 2
80 4
84 3
87 2
367 4
369 2
fl=./nptl/./nptl/pthread_once.c
fn=__pthread_once_slow
68 11
76 1
80 2
88 2
92 2
101 4
114 13
116 1
118 3
124 1
132 10
fn=pthread_once@@GLIBC_2.34
136 94
139 94
140 188
143 1
144 186
fl=./posix/../malloc/dynarray-skeleton.c
fn=__unregister_atfork
243 5
fl=./posix/../sysdeps/unix/sysv/linux/_exit.c
fn=_Exit
27 2
30 4
fl=./posix/./posix/register-atfork.c
fn=__unregister_atfork
71 10
82 30
83 20
109 20
110 15
fl=./resource/../sysdeps/unix/sysv/linux/getrlimit64.c
fn=getrlimit
38 2
39 7
40 1
fl=./setjmp/../sysdeps/x86_64/bsd-_setjmp.S
fn=_setjmp
28 1
30 1
32 1
fl=./setjmp/../sysdeps/x86_64/setjmp.S
fn=__sigsetjmp
31 14
33 14
42 14
43 28
44 14
48 14
49 14
50 14
51 14
52 14
54 28
56 14
57 14
58 14
60 28
62 14
67 1
68 1
70 13
73 13
74 13
81 13
82 13
85 1
fl=./setjmp/./setjmp/sigjmp.c
fn=__sigjmp_save
28 6
29 1
30 2
34 4
fl=./stdio-common/../include/../locale/localeinfo.h
fn=__printf_fp_l_buffer
331 240
fl=./stdio-common/../include/printf_buffer.h
fn=__printf_fp_buffer_1.isra.0
163 480
fl=./stdio-common/../include/rounding-mode.h
fn=__printf_fp_buffer_1.isra.0
52 250
58 90
fl=./stdio-common/../string/bits/string_fortified.h
fn=__printf_buffer_write
29 240
fn=__printf_fp_buffer_1.isra.0
29 157
fl=./stdio-common/../sysdeps/generic/get-rounding-mode.h
fn=__printf_fp_buffer_1.isra.0
94 80
95 560
fl=./stdio-common/../sysdeps/pthread/allocalim.h
fn=__printf_fp_buffer_1.isra.0
27 160
29 400
fl=./stdio-common/./stdio-common/Xprintf_buffer_done.c
fn=__printf_buffer_done
25 80
26 240
31 160
33 960
40 80
fl=./stdio-common/./stdio-common/Xprintf_buffer_write.c
fn=__printf_buffer_write
27 1920
28 720
31 800
33 400
36 80
37 160
40 240
41 80
44 1440
fl=./stdio-common/./stdio-common/printf-parse.h
fn=__printf_buffer
82 720
fl=./stdio-common/./stdio-common/printf_fp.c
fn=__printf_fp_buffer_1.isra.0
91 2246
93 1074
95 1499
96 1305
101 194
105 679
107 388
108 97
110 194
111 485
118 97
122 291
123 194
124 420
127 783
138 1440
159 640
177 80
187 80
221 160
222 80
226 240
230 1360
234 80
266 400
267 80
268 160
271 1360
272 1280
273 1280
279 80
280 160
283 35
293 35
294 245
297 105
301 140
305 140
306 35
308 210
309 315
310 70
311 283
313 70
318 455
322 2695
324 196
327 111
337 63
368 74
369 148
375 156
377 26
380 52
381 52
382 78
385 541
388 160
389 160
390 200
391 160
394 455
396 910
397 70
403 93
407 396
411 132
413 66
439 66
442 264
458 132
460 99
461 198
463 208
477 66
483 90
486 26
496 26
499 78
500 130
501 52
503 26
504 104
506 26
509 312
511 624
518 45
519 18
520 9
522 9
524 45
527 54
531 54
532 18
533 36
535 18
540 36
542 10
544 5
546 30
562 27
564 10
565 1
570 16
571 32
575 12
576 16
579 24
580 16
587 24
590 32
613 24
616 24
621 312
623 1524
625 52
629 90
630 36
631 54
633 36
634 108
636 18
642 18
643 36
644 18
645 72
647 78
655 57
659 57
660 95
661 38
665 240
669 52
674 480
676 160
680 160
686 160
694 80
706 400
707 348
708 52
720 80
721 212
722 270
728 240
731 480
738 240
746 240
759 1360
760 160
763 292
766 906
769 366
771 54
773 324
774 279
775 162
781 52
782 26
783 104
787 80
788 400
789 606
790 2555
792 366
793 366
794 1082
795 716
796 117
798 8
799 24
805 400
806 320
808 560
809 20
810 89
813 40
818 88
830 90
834 82
835 269
837 4
838 8
840 258
841 123
842 90
844 90
855 90
924 475
926 5
927 5
931 160
935 240
980 560
983 160
987 400
991 240
994 320
996 640
999 320
1001 240
1003 160
1006 160
1009 240
1022 320
1024 240
1028 240
1030 880
fn=__printf_fp_l_buffer
1099 1520
1102 240
1111 80
1112 160
1115 400
1116 400
1117 240
1122 560
1126 80
1147 880
fn=hack_digit
88 1010
91 814
93 606
95 540
96 340
101 268
105 938
107 536
108 134
110 268
111 804
118 268
122 536
123 268
124 580
127 68
128 1010
fl=./stdio-common/./stdio-common/vfprintf-internal.c
fn=__printf_buffer
263 240
264 240
266 80
600 1200
627 400
631 80
634 80
638 320
642 80
653 240
654 160
655 240
659 160
663 640
683 80
684 80
685 80
686 80
687 80
690 160
691 80
692 80
693 80
694 80
695 80
698 80
699 80
705 1120
709 80
744 160
813 80
814 240
818 160
819 320
834 560
837 480
855 1120
891 160
973 400
976 2720
996 880
997 160
1001 80
1018 80
1024 80
1028 240
1029 160
1031 160
1044 880
fl=./stdlib/../sysdeps/ieee754/dbl-64/dbl2mpn.c
fn=__mpn_extract_double
33 240
35 80
37 240
38 400
47 240
56 240
103 160
107 160
fl=./stdlib/../sysdeps/x86_64/lshift.S
fn=__mpn_lshift
28 80
29 80
30 80
32 80
33 80
34 80
46 80
47 80
48 80
49 80
50 80
51 80
52 80
58 80
59 80
60 80
fl=./stdlib/../sysdeps/x86_64/mul_1.S
fn=__mpn_mul_1
31 613
32 613
35 613
36 613
37 613
38 613
39 613
41 613
42 613
44 613
45 613
46 613
47 613
48 560
50 560
51 560
52 560
53 560
79 53
80 53
81 53
82 53
83 53
84 53
85 53
86 53
87 53
113 53
114 53
115 53
117 53
118 53
119 53
120 53
121 53
122 613
124 613
127 613
fl=./stdlib/../sysdeps/x86_64/rshift.S
fn=__mpn_rshift
28 92
29 92
30 92
31 92
44 92
45 92
61 92
62 92
63 92
64 92
65 92
66 92
67 92
72 92
73 92
74 92
75 92
76 92
fl=./stdlib/./stdlib/cmp.c
fn=__mpn_cmp
31 63
35 126
37 63
38 63
39 126
47 315
fl=./stdlib/./stdlib/cxa_atexit.c
fn=__cxa_atexit
41 24
43 96
44 24
46 24
52 36
53 12
54 12
55 12
56 12
57 48
58 12
67 84
69 72
fn=__new_exitfn
80 60
81 12
86 24
91 76
93 48
94 55
101 1
104 22
122 1
123 1
129 33
130 22
134 1
136 12
137 12
141 60
fl=./stdlib/./stdlib/cxa_finalize.c
fn=__cxa_finalize
30 50
33 35
36 35
40 196
41 132
43 22
45 11
76 11
78 33
81 44
82 33
83 44
87 33
93 35
97 30
105 10
106 20
107 40
fl=./stdlib/./stdlib/cxa_thread_atexit_impl.c
fn=__call_tls_dtors
148 5
149 4
165 4
fl=./stdlib/./stdlib/divrem.c
fn=__mpn_divrem
46 3234
47 231
49 462
62 231
63 231
65 462
67 13
68 26
72 2079
73 594
76 462
79 231
81 231
234 2079
fl=./stdlib/./stdlib/exit.c
fn=__run_exit_handlers
38 12
40 2
41 2
43 5
54 2
56 2
60 1
64 39
66 24
67 12
69 106
94 2
101 1
102 1
103 1
104 3
107 4
108 3
109 4
113 3
119 3
120 2
126 4
128 2
129 2
131 2
fn=exit
137 3
138 4
fl=./stdlib/./stdlib/getenv.c
fn=getenv
24 9
25 8
28 2
29 155
31 76
32 18
37 9
fl=./stdlib/./stdlib/mul.c
fn=__mpn_mul
48 595
54 70
66 70
71 35
72 70
81 140
83 35
84 35
88 70
141 35
142 385
fl=./stdlib/./stdlib/secure-getenv.c
fn=secure_getenv
28 1
29 5
fl=./string/../include/rtld-malloc.h
fn=strdup
56 16
fl=./string/../string/strcspn.c
fn=strcspn
32 6
33 3
34 2
39 6
40 4
41 4
42 4
44 1
47 9
48 6
51 4
52 4
53 4
54 4
56 3
61 13
62 26
63 26
64 26
65 13
67 78
69 1
70 4
71 3
fl=./string/../sysdeps/x86/cacheinfo.c
fn=__x86_cacheinfo
86 1
fl=./string/../sysdeps/x86/cacheinfo.h
fn=__x86_cacheinfo
59 1
62 3
64 3
65 1
71 3
73 3
74 1
78 2
80 2
81 2
82 2
84 2
86 2
fl=./string/../sysdeps/x86_64/multiarch/../multiarch/memcmp-sse2.S
fn=bcmp
59 2
71 2
72 2
94 1
95 1
140 1
141 1
143 1
144 1
146 1
147 1
149 1
150 1
197 1
198 1
199 1
200 1
201 1
202 1
255 1
257 1
258 1
259 1
260 1
261 1
262 1
269 1
271 1
273 1
274 1
275 1
276 1
277 1
281 1
289 1
fl=./string/../sysdeps/x86_64/multiarch/../multiarch/memset-vec-unaligned-erms.S
fn=memset
132 13
133 65
138 13
139 13
142 6
143 6
145 2
146 2
147 2
244 4
245 4
257 4
260 4
261 4
273 4
274 4
287 4
288 4
290 4
293 3
296 6
299 93
300 93
301 93
302 93
303 93
304 93
305 93
308 4
309 4
310 4
311 4
316 4
350 7
352 7
353 7
392 7
393 7
395 7
fl=./string/../sysdeps/x86_64/multiarch/../multiarch/strchr-sse2.S
fn=index
32 30
33 30
34 30
35 30
36 30
37 30
38 30
39 30
40 30
41 30
42 30
43 30
44 30
45 30
46 30
47 30
48 30
49 30
50 23
54 23
55 23
56 23
57 23
59 23
63 7
64 7
65 7
66 7
67 7
68 7
69 7
70 7
71 7
72 7
73 7
74 7
75 7
76 7
77 7
78 7
79 7
80 7
81 7
82 7
83 7
84 7
85 7
86 7
138 7
142 7
143 7
144 7
145 7
147 7
fl=./string/../sysdeps/x86_64/multiarch/../multiarch/strcmp-sse2.S
fn=strcmp
98 2317
131 2317
132 2317
134 2317
135 2317
156 2317
157 2317
158 2163
159 2163
160 2077
161 2077
162 2077
163 2077
180 2077
181 2077
182 2077
183 2077
184 2077
185 2077
186 2077
191 24
192 72
201 264
202 264
203 264
204 264
205 264
206 264
207 264
208 264
209 184
210 80
211 80
212 80
214 184
215 184
216 184
217 184
218 184
219 184
229 80
230 80
231 80
233 80
239 80
240 80
241 80
242 80
243 80
248 80
250 73
251 73
252 146
260 73
261 73
264 73
265 73
266 73
267 73
268 73
269 73
275 1
276 1
277 1
280 1
281 1
282 1
283 1
284 1
285 1
300 6
301 6
302 6
303 6
304 6
306 6
307 6
308 6
309 6
310 6
311 6
312 6
313 6
316 6
317 6
318 6
324 6
325 6
326 12
330 6
331 6
334 6
335 6
336 6
338 6
339 6
340 6
344 6
345 6
346 6
347 6
348 6
349 6
661 2
662 2
663 2
664 2
665 2
667 2
668 2
669 2
670 2
671 2
672 2
673 2
780 4
781 4
782 4
783 4
784 4
786 4
787 4
788 4
789 4
790 4
791 4
792 4
793 3
797 3
798 3
799 3
805 3
806 3
807 6
811 3
812 3
815 3
816 3
817 3
819 3
820 3
821 3
825 3
826 3
827 3
828 3
829 3
830 3
899 4
900 4
901 4
902 4
903 4
905 4
906 4
907 4
908 4
909 4
910 4
911 4
912 3
916 3
917 3
918 3
924 3
925 3
926 6
930 4
931 4
934 4
935 4
936 4
938 4
939 4
940 4
944 4
945 4
946 4
947 4
948 4
949 4
956 3
957 3
959 3
960 3
962 3
963 3
964 3
966 3
967 3
968 3
972 3
973 3
974 3
975 3
976 3
977 3
984 1
985 1
986 1
1018 7
1019 7
1020 7
1021 7
1022 7
1024 7
1025 7
1026 7
1027 7
1028 7
1029 7
1030 7
1031 6
1035 6
1036 6
1037 6
1043 6
1044 6
1045 12
1049 7
1050 7
1053 7
1054 7
1055 7
1057 7
1058 7
1059 7
1063 7
1064 7
1065 7
1066 7
1067 7
1068 7
1075 1
1076 1
1078 1
1079 1
1081 1
1082 1
1083 1
1085 1
1086 1
1087 1
1091 1
1092 1
1093 1
1094 1
1095 1
1096 1
1103 1
1104 1
1105 1
1137 15
1138 15
1139 15
1140 15
1141 15
1143 15
1144 15
1145 15
1146 15
1147 15
1148 15
1149 15
1150 4
1154 4
1155 4
1156 4
1162 4
1163 4
1164 8
1168 4
1169 4
1172 4
1173 4
1174 4
1176 4
1177 4
1178 4
1182 4
1183 4
1184 4
1185 4
1186 4
1187 4
1256 17
1257 17
1258 17
1259 17
1260 17
1262 17
1263 17
1264 17
1265 17
1266 17
1267 17
1268 17
1269 7
1273 7
1274 7
1275 7
1281 7
1282 7
1283 14
1287 7
1288 7
1291 7
1292 7
1293 7
1295 7
1296 7
1297 7
1301 7
1302 7
1303 7
1304 7
1305 7
1306 7
1313 1
1314 1
1316 1
1317 1
1319 1
1320 1
1321 1
1323 1
1324 1
1325 1
1329 1
1330 1
1331 1
1332 1
1333 1
1334 1
1375 14
1376 14
1377 14
1378 14
1379 14
1381 14
1382 14
1383 14
1384 14
1385 14
1386 14
1387 14
1388 9
1392 9
1393 9
1394 9
1400 9
1401 9
1402 18
1406 9
1407 9
1410 9
1411 9
1412 9
1414 9
1415 9
1416 9
1420 9
1421 9
1422 9
1423 9
1424 9
1425 9
1432 1
1433 1
1435 1
1436 1
1438 1
1439 1
1440 1
1442 1
1443 1
1444 1
1448 1
1449 1
1450 1
1451 1
1452 1
1453 1
1494 25
1495 25
1496 25
1497 25
1498 25
1500 25
1501 25
1502 25
1503 25
1504 25
1505 25
1506 25
1507 7
1511 7
1512 7
1513 7
1519 7
1520 7
1521 14
1525 7
1526 7
1529 7
1530 7
1531 7
1533 7
1534 7
1535 7
1539 7
1540 7
1541 7
1542 7
1543 7
1544 7
1613 30
1614 30
1615 30
1616 30
1617 30
1619 30
1620 30
1621 30
1622 30
1623 30
1624 30
1625 30
1626 8
1630 8
1631 8
1632 8
1638 8
1639 8
1640 16
1644 9
1645 9
1648 9
1649 9
1650 9
1652 9
1653 9
1654 9
1658 9
1659 9
1660 9
1661 9
1662 9
1663 9
1670 5
1671 5
1673 5
1674 5
1676 5
1677 5
1678 5
1680 5
1681 5
1682 5
1686 5
1687 5
1688 5
1689 5
1690 5
1691 5
1698 1
1699 1
1700 1
1732 21
1733 21
1734 21
1735 21
1736 21
1738 21
1739 21
1740 21
1741 21
1742 21
1743 21
1744 21
1745 15
1749 15
1750 15
1751 15
1757 15
1758 15
1759 30
1763 15
1764 15
1767 15
1768 15
1769 15
1771 15
1772 15
1773 15
1777 15
1778 15
1779 15
1780 15
1781 15
1782 15
1789 1
1790 1
1792 1
1793 1
1795 1
1796 1
1797 1
1799 1
1800 1
1801 1
1805 1
1806 1
1807 1
1808 1
1809 1
1810 1
1851 16
1852 16
1853 16
1854 16
1855 16
1857 16
1858 16
1859 16
1860 16
1861 16
1862 16
1863 16
1864 9
1868 9
1869 9
1870 9
1876 9
1877 9
1878 18
1882 9
1883 9
1886 9
1887 9
1888 9
1890 9
1891 9
1892 9
1896 9
1897 9
1898 9
1899 9
1900 9
1901 9
1970 23
1971 23
1972 23
1973 23
1974 23
1976 23
1977 23
1978 23
1979 23
1980 23
1981 23
1982 23
1984 6
1988 6
1989 6
1990 6
1996 6
1997 6
1999 12
2003 8
2004 8
2007 8
2008 8
2009 8
2011 8
2012 8
2013 8
2017 8
2018 8
2019 8
2020 8
2021 8
2022 8
2029 2
2030 2
2032 2
2033 2
2035 2
2036 2
2037 2
2039 2
2040 2
2041 2
2045 2
2046 2
2047 2
2048 2
2049 2
2050 2
2057 2
2058 2
2059 2
2093 156
2095 264
2096 264
2097 264
2098 264
2099 160
2104 2317
2110 2317
2111 2317
2119 2317
2120 2317
fn=strncmp
98 1
125 1
126 1
127 1
128 1
129 1
131 1
132 1
134 1
135 1
156 1
157 1
158 1
159 1
160 1
161 1
162 1
163 1
180 1
181 1
182 1
183 1
184 1
185 1
186 1
2104 1
2107 1
2108 1
2110 1
2111 1
2119 1
2120 1
fl=./string/../sysdeps/x86_64/multiarch/../multiarch/strlen-sse2.S
fn=strlen
57 34
101 34
102 34
103 34
104 34
105 34
106 34
107 34
109 34
111 34
142 33
143 33
144 33
145 33
146 33
147 14
149 14
153 19
154 19
155 19
156 19
157 19
158 19
159 19
160 19
161 19
162 19
163 19
164 19
169 150
173 1
174 14
175 6
190 1
191 1
192 2
243 2
244 2
245 2
246 2
247 2
248 2
249 2
250 2
266 2
268 2
269 28
271 2
272 2
273 2
275 2
fl=./string/../sysdeps/x86_64/multiarch/ifunc-avx2.h
fn=memrchr
38 4
40 3
41 2
42 3
45 2
46 2
49 3
52 6
fn=rindex
38 4
40 3
41 2
42 3
45 2
46 2
49 3
52 6
fn=strchrnul
38 4
40 3
41 2
42 3
45 2
46 2
49 3
52 6
fn=strlen
38 4
40 3
41 2
42 3
45 2
46 2
49 3
52 6
fn=strnlen
38 8
40 6
41 4
42 6
45 4
46 4
49 6
52 12
fl=./string/../sysdeps/x86_64/multiarch/ifunc-evex.h
fn=memchr
37 8
38 6
39 6
42 4
43 4
45 4
51 6
54 8
fl=./string/../sysdeps/x86_64/multiarch/ifunc-memcmp.h
fn=bcmp
34 10
35 4
36 4
37 6
40 4
41 4
44 6
47 8
fl=./string/../sysdeps/x86_64/multiarch/ifunc-memmove.h
fn=memcpy@@GLIBC_2.14
56 6
57 9
60 9
61 6
74 6
77 6
85 6
93 6
96 15
fn=memmove
56 4
57 6
60 6
61 4
74 4
77 4
85 4
93 4
96 10
fn=mempcpy
56 2
57 3
60 3
61 2
74 2
77 2
85 2
93 2
96 5
fl=./string/../sysdeps/x86_64/multiarch/ifunc-memset.h
fn=memset
54 15
57 9
58 6
64 6
73 6
75 6
85 6
93 6
96 15
fl=./string/../sysdeps/x86_64/multiarch/ifunc-sse4_2.h
fn=strcspn
36 5
fn=strpbrk
36 5
fn=strspn
36 5
fl=./string/../sysdeps/x86_64/multiarch/ifunc-strcasecmp.h
fn=strcasecmp
36 4
37 2
38 3
41 2
42 2
45 3
48 5
fn=strcasecmp_l
36 4
37 2
38 3
41 2
42 2
45 3
48 5
fn=strncasecmp
36 4
37 2
38 3
41 2
42 2
45 3
48 5
fn=strncasecmp_l
36 4
37 2
38 3
41 2
42 2
45 3
48 5
fl=./string/../sysdeps/x86_64/multiarch/ifunc-strcpy.h
fn=stpcpy
38 4
39 3
42 2
43 2
46 3
49 3
fn=strcat
38 4
39 3
42 2
43 2
46 3
49 3
fn=strcpy
38 4
39 3
42 2
43 2
46 3
49 3
fl=./string/../sysdeps/x86_64/multiarch/ifunc-strncpy.h
fn=stpncpy
35 5
36 3
39 2
40 2
43 3
46 4
fn=strncpy
35 5
36 3
39 2
40 2
43 3
46 4
fl=./string/../sysdeps/x86_64/multiarch/memchr-avx2.S
fn=__memchr_avx2
61 80
68 80
70 80
73 80
74 80
76 80
77 80
78 80
79 80
82 80
83 80
86 80
87 80
101 80
106 80
113 80
114 80
115 80
116 80
fl=./string/../sysdeps/x86_64/multiarch/memchr.c
fn=memchr
29 4
fl=./string/../sysdeps/x86_64/multiarch/memcmp-avx2-movbe.S
fn=__memcmp_avx2_movbe
73 50
80 50
81 50
84 1
85 1
86 1
90 1
91 1
93 1
94 1
97 1
98 1
99 1
102 1
103 1
106 1
107 1
110 1
111 1
112 1
113 1
114 1
115 1
116 1
117 1
118 1
119 1
122 1
123 1
129 1
130 1
131 1
132 1
136 1
137 1
139 1
140 1
141 1
142 1
145 1
146 1
147 1
148 1
149 1
150 1
152 2
156 39
166 39
167 39
168 39
171 78
401 49
402 49
407 49
408 49
409 49
410 49
411 49
414 49
415 49
416 49
417 49
420 49
421 49
422 10
423 20
fl=./string/../sysdeps/x86_64/multiarch/memcmp.c
fn=bcmp
29 8
fl=./string/../sysdeps/x86_64/multiarch/memcmpeq.c
fn=memcpy@@GLIBC_2.14
29 3
fl=./string/../sysdeps/x86_64/multiarch/memmove-vec-unaligned-erms.S
fn=__memcpy_avx_unaligned_erms
255 1218076
256 1218076
262 1218400
263 1218400
265 1215719
266 1215719
267 1215719
270 2152
271 2152
272 2152
275 4304
305 2681
306 2681
308 1418
309 1418
311 631
315 631
331 631
332 631
333 631
334 631
335 631
342 1263
343 1263
344 1263
345 1263
347 1263
364 787
365 787
366 787
367 787
368 787
375 3619
376 3619
377 3619
378 3619
379 3619
380 3619
381 7238
386 1213567
387 1213567
392 257553
393 257553
395 10429
396 10429
397 10429
399 6810
400 6810
401 6810
402 6810
403 6810
404 6810
405 6810
406 6810
407 6810
408 6810
409 6810
410 6810
411 6810
412 6810
413 13620
417 247124
418 247124
422 247124
424 247124
511 1203138
512 1203138
518 1203138
519 1203138
521 1203138
522 1203138
523 1203138
525 1203138
527 1203138
529 2406276
535 452482620
536 452482620
537 452482620
538 452482620
539 452482620
540 452482620
541 452482620
542 452482620
543 452482620
544 452482620
545 452482620
546 452482620
548 1203138
549 1203138
550 1203138
551 1203138
553 1203138
554 2406276
601 956014
602 956014
606 956014
608 956014
fn=__mempcpy_avx_unaligned_erms
242 324
243 324
244 324
245 324
fn=memcpy
210 34
211 34
217 101
218 101
220 49
221 49
222 49
224 32
225 32
226 32
228 32
308 52
309 52
311 17
315 17
316 17
317 17
318 1
319 1
323 1
325 17
364 35
365 35
366 35
367 35
368 35
375 16
376 16
377 16
378 16
379 16
380 16
381 16
392 17
393 17
395 16
396 16
397 16
417 1
418 1
422 1
424 1
440 1
443 1
445 1
447 1
451 1
452 1
461 1
462 1
464 1
466 1
467 1
468 1
471 1
473 1
475 1
477 1
483 3
484 3
485 3
486 3
487 3
488 3
489 3
490 3
491 3
492 3
493 3
494 3
496 1
497 1
498 1
499 1
501 1
505 1
fn=mempcpy
197 67
198 67
199 67
200 67
fl=./string/../sysdeps/x86_64/multiarch/memmove.c
fn=memmove
29 2
fl=./string/../sysdeps/x86_64/multiarch/mempcpy.c
fn=mempcpy
33 1
fl=./string/../sysdeps/x86_64/multiarch/memrchr.c
fn=memrchr
29 3
fl=./string/../sysdeps/x86_64/multiarch/memset-vec-unaligned-erms.S
fn=__memset_avx2_unaligned_erms
158 560
159 1120
164 560
165 560
166 400
167 400
168 400
237 400
238 400
325 400
326 400
327 400
328 27518800
329 400
330 800
337 160
346 160
347 160
352 160
353 160
389 160
390 160
395 160
fl=./string/../sysdeps/x86_64/multiarch/memset.c
fn=memset
29 3
fl=./string/../sysdeps/x86_64/multiarch/stpcpy.c
fn=stpcpy
33 3
fl=./string/../sysdeps/x86_64/multiarch/stpncpy.c
fn=stpncpy
31 3
fl=./string/../sysdeps/x86_64/multiarch/strcasecmp.c
fn=strcasecmp
31 3
fl=./string/../sysdeps/x86_64/multiarch/strcasecmp_l.c
fn=strcasecmp_l
31 3
fl=./string/../sysdeps/x86_64/multiarch/strcat.c
fn=strcat
29 3
fl=./string/../sysdeps/x86_64/multiarch/strchr-avx2.S
fn=__strchrnul_avx2
53 160
55 160
56 160
57 160
58 160
59 160
62 160
63 160
67 160
68 160
69 160
70 160
71 160
72 160
73 160
74 160
87 160
89 320
fl=./string/../sysdeps/x86_64/multiarch/strchr.c
fn=index
42 4
43 2
44 3
47 2
48 2
51 3
54 3
65 3
fl=./string/../sysdeps/x86_64/multiarch/strchrnul.c
fn=strchrnul
31 3
fl=./string/../sysdeps/x86_64/multiarch/strcmp-avx2.S
fn=__strncmp_avx2
206 3
230 3
235 3
249 3
274 3
275 3
276 3
278 3
279 3
283 2
287 2
289 2
291 2
294 2
296 2
297 2
308 2
318 2
319 2
322 2
326 4
331 2
332 2
333 2
957 1
958 1
959 1
960 1
962 1
965 1
966 1
993 1
994 1
995 1
996 1
997 1
998 1
1000 1
1047 1
1048 1
1051 1
1052 1
1053 1
1056 2
1063 1
1064 1
1065 1
1066 1
1076 1
1077 1
1080 1
1081 1
1082 1
1083 1
1089 1
1091 1
1094 1
1095 1
fl=./string/../sysdeps/x86_64/multiarch/strcmp.c
fn=strcmp
47 4
48 2
49 3
52 2
53 2
56 3
59 3
79 3
fl=./string/../sysdeps/x86_64/multiarch/strcpy.c
fn=strcpy
29 3
fl=./string/../sysdeps/x86_64/multiarch/strcspn.c
fn=strcspn
29 2
fl=./string/../sysdeps/x86_64/multiarch/strlen-avx2.S
fn=__strlen_avx2
52 149
65 149
66 149
67 149
70 149
72 149
73 149
76 149
77 149
85 149
86 149
87 149
92 298
fl=./string/../sysdeps/x86_64/multiarch/strlen.c
fn=strlen
29 3
fl=./string/../sysdeps/x86_64/multiarch/strncase.c
fn=strncasecmp
31 3
fl=./string/../sysdeps/x86_64/multiarch/strncase_l.c
fn=strncasecmp_l
31 3
fl=./string/../sysdeps/x86_64/multiarch/strncmp.c
fn=strncmp
43 4
44 2
45 3
48 2
49 2
52 3
55 5
67 3
fl=./string/../sysdeps/x86_64/multiarch/strncpy.c
fn=strncpy
29 3
fl=./string/../sysdeps/x86_64/multiarch/strnlen.c
fn=strnlen
31 6
fl=./string/../sysdeps/x86_64/multiarch/strpbrk.c
fn=strpbrk
29 2
fl=./string/../sysdeps/x86_64/multiarch/strrchr-avx2.S
fn=__strrchr_avx2
53 1
54 1
55 1
57 1
58 1
62 1
63 1
64 1
67 1
69 1
70 1
71 1
72 1
75 1
76 1
78 1
79 1
80 1
81 1
82 1
91 2
fl=./string/../sysdeps/x86_64/multiarch/strrchr.c
fn=rindex
28 3
fl=./string/../sysdeps/x86_64/multiarch/strspn.c
fn=strspn
29 2
fl=./string/./string/strdup.c
fn=strdup
40 48
41 16
44 16
47 32
48 24
fl=./time/../sysdeps/unix/sysv/linux/clock_gettime.c
fn=clock_gettime@@GLIBC_2.17
30 800
38 1600
40 1600
44 1600
68 1600
69 1600
fl=./wcsmbs/../sysdeps/x86_64/multiarch/ifunc-avx2.h
fn=wcschr
38 8
40 6
41 4
42 6
45 4
46 4
49 6
52 12
fn=wcscmp
38 4
40 3
41 2
42 3
45 2
46 2
49 3
52 6
fl=./wcsmbs/../sysdeps/x86_64/multiarch/ifunc-evex.h
fn=wmemchr
37 8
38 6
39 6
42 4
43 4
45 4
51 6
54 8
fl=./wcsmbs/../sysdeps/x86_64/multiarch/ifunc-memcmp.h
fn=wmemcmp
34 5
35 2
36 2
37 3
40 2
41 2
44 3
47 4
fl=./wcsmbs/../sysdeps/x86_64/multiarch/ifunc-wcs.h
fn=wcpncpy
39 4
40 3
41 3
44 2
45 3
48 4
fn=wcscat
39 4
40 3
41 3
44 2
45 3
48 4
fn=wcsncpy
39 4
40 3
41 3
44 2
45 3
48 4
fl=./wcsmbs/../sysdeps/x86_64/multiarch/ifunc-wcslen.h
fn=wcslen
40 4
41 2
42 3
45 2
46 2
49 3
52 3
fn=wcsnlen
40 4
41 2
42 3
45 2
46 2
49 3
52 3
fl=./wcsmbs/../sysdeps/x86_64/multiarch/ifunc-wmemset.h
fn=wmemset
36 10
37 6
fl=./wcsmbs/../sysdeps/x86_64/multiarch/wcpcpy.c
fn=wcpncpy
31 1
fl=./wcsmbs/../sysdeps/x86_64/multiarch/wcpncpy.c
fn=wcpncpy
31 1
fl=./wcsmbs/../sysdeps/x86_64/multiarch/wcscat.c
fn=wcscat
31 2
fn=wcschr
31 2
fl=./wcsmbs/../sysdeps/x86_64/multiarch/wcschr.c
fn=wcschr
31 4
fl=./wcsmbs/../sysdeps/x86_64/multiarch/wcscmp.c
fn=wcscmp
30 3
fl=./wcsmbs/../sysdeps/x86_64/multiarch/wcscpy.c
fn=wcscpy
42 4
43 2
44 3
46 2
47 3
50 3
60 2
fl=./wcsmbs/../sysdeps/x86_64/multiarch/wcslen.c
fn=wcslen
29 3
fl=./wcsmbs/../sysdeps/x86_64/multiarch/wcsncpy.c
fn=wcsncpy
31 2
fl=./wcsmbs/../sysdeps/x86_64/multiarch/wcsnlen.c
fn=wcsnlen
30 3
fl=./wcsmbs/../sysdeps/x86_64/multiarch/wmemchr.c
fn=wmemchr
31 4
fl=./wcsmbs/../sysdeps/x86_64/multiarch/wmemcmp.c
fn=wmemcmp
29 4
fl=./wcsmbs/../sysdeps/x86_64/multiarch/wmemset.c
fn=wmemset
31 4
fl=./wcsmbs/./wcsmbs/btowc.c
fn=btowc
32 2560
37 1792
42 512
46 384
47 256
48 256
52 512
55 1152
94 1792
fl=./wcsmbs/./wcsmbs/wctob.c
fn=wctob
30 1280
39 384
44 256
45 128
79 1152
fl=./wcsmbs/./wcsmbsload.h
fn=btowc
69 128
70 384
fl=./wctype/./wctype/wctype_l.c
fn=wctype_l
26 110
29 20
32 30
33 68
35 174
37 410
40 48
41 96
45 20
46 10
47 80
fl=???
fn=(below main)
0 12
fn=???
0 2477500
fn=Pattern* std::__do_uninit_copy<Pattern const*, Pattern*>(Pattern const*, Pattern const*, Pattern*)
0 183
fn=_GLOBAL__sub_I__Z18insertion_sort_arrPii
0 5615
fn=__cpu_indicator_init
0 367
fn=__cxa_get_globals
0 16
fn=__gnu_cxx::stdio_sync_filebuf<char, std::char_traits<char> >::overflow(int)
0 7644
fn=__gnu_cxx::stdio_sync_filebuf<char, std::char_traits<char> >::sync()
0 333
fn=__gnu_cxx::stdio_sync_filebuf<char, std::char_traits<char> >::xsputn(char const*, long)
0 1944
fn=__gnu_cxx::stdio_sync_filebuf<wchar_t, std::char_traits<wchar_t> >::sync()
0 15
fn=benchmark()
0 4140
fn=fill_many_duplicates(std::vector<int, std::allocator<int> >&)
0 53333424
fn=fill_random(std::vector<int, std::allocator<int> >&)
0 53344205
fn=fill_reverse(std::vector<int, std::allocator<int> >&)
0 12041300
fn=fill_sorted(std::vector<int, std::allocator<int> >&)
0 8601200
fn=insertion_sort_optimized(int*, int)
0 179879588
fn=main
0 6
fn=operator delete(void*)
0 804
fn=operator delete(void*, unsigned long)
0 804
fn=operator new(unsigned long)
0 6432
fn=std::_Function_handler<void (std::vector<int, std::allocator<int> >&), void (*)(std::vector<int, std::allocator<int> >&)>::_M_invoke(std::_Any_data const&, std::vector<int, std::allocator<int> >&)
0 1600
fn=std::_Function_handler<void (std::vector<int, std::allocator<int> >&), void (*)(std::vector<int, std::allocator<int> >&)>::_M_manager(std::_Any_data&, std::_Any_data const&, std::_Manager_operation)
0 120
fn=std::__cxx11::messages<char>::messages(unsigned long)
0 21
fn=std::__cxx11::messages<wchar_t>::messages(unsigned long)
0 21
fn=std::__cxx11::moneypunct<char, false>::_M_initialize_moneypunct(__locale_struct*, char const*)
0 114
fn=std::__cxx11::moneypunct<char, true>::_M_initialize_moneypunct(__locale_struct*, char const*)
0 115
fn=std::__cxx11::moneypunct<wchar_t, false>::_M_initialize_moneypunct(__locale_struct*, char const*)
0 109
fn=std::__cxx11::moneypunct<wchar_t, true>::_M_initialize_moneypunct(__locale_struct*, char const*)
0 109
fn=std::__cxx11::numpunct<char>::_M_initialize_numpunct(__locale_struct*)
0 417
fn=std::__cxx11::numpunct<wchar_t>::_M_initialize_numpunct(__locale_struct*)
0 353
fn=std::__num_base::_S_format_float(std::ios_base const&, char*, char)
0 2400
fn=std::__timepunct<char>::_M_initialize_timepunct(__locale_struct*)
0 132
fn=std::__timepunct<char>::__timepunct(std::__timepunct_cache<char>*, unsigned long)
0 24
fn=std::__timepunct<wchar_t>::_M_initialize_timepunct(__locale_struct*)
0 129
fn=std::__timepunct<wchar_t>::__timepunct(std::__timepunct_cache<wchar_t>*, unsigned long)
0 24
fn=std::basic_ios<char, std::char_traits<char> >::_M_cache_locale(std::locale const&)
0 128
fn=std::basic_ios<char, std::char_traits<char> >::init(std::basic_streambuf<char, std::char_traits<char> >*)
0 96
fn=std::basic_ios<wchar_t, std::char_traits<wchar_t> >::_M_cache_locale(std::locale const&)
0 128
fn=std::basic_ios<wchar_t, std::char_traits<wchar_t> >::init(std::basic_streambuf<wchar_t, std::char_traits<wchar_t> >*)
0 96
fn=std::basic_ostream<char, std::char_traits<char> >& std::__ostream_insert<char, std::char_traits<char> >(std::basic_ostream<char, std::char_traits<char> >&, char const*, long)
0 24972
fn=std::basic_ostream<wchar_t, std::char_traits<wchar_t> >::flush()
0 174
fn=std::basic_ostream<wchar_t, std::char_traits<wchar_t> >::sentry::sentry(std::basic_ostream<wchar_t, std::char_traits<wchar_t> >&)
0 97
fn=std::chrono::_V2::system_clock::now()
0 12800
fn=std::codecvt<char, char, __mbstate_t>::codecvt(unsigned long)
0 19
fn=std::codecvt<wchar_t, char, __mbstate_t>::codecvt(unsigned long)
0 19
fn=std::ctype<char>::_M_widen_init() const
0 754
fn=std::ctype<char>::ctype(unsigned short const*, bool, unsigned long)
0 121
fn=std::ctype<wchar_t>::_M_convert_to_wmask(unsigned short) const
0 146
fn=std::ctype<wchar_t>::_M_initialize_ctype()
0 2736
fn=std::ctype<wchar_t>::ctype(unsigned long)
0 21
fn=std::error_category::error_category()
0 10
fn=std::error_category::~error_category()
0 4
fn=std::future_category()
0 3
fn=std::ios_base::Init::Init()
0 272
fn=std::ios_base::Init::~Init()
0 26
fn=std::ios_base::_M_init()
0 224
fn=std::ios_base::ios_base()
0 480
fn=std::locale::_Impl::_Impl(unsigned long)
0 673
fn=std::locale::_Impl::_M_install_facet(std::locale::id const*, std::locale::facet const*)
0 12192
fn=std::locale::facet::_S_create_c_locale(__locale_struct*&, char const*, __locale_struct*)
0 14
fn=std::locale::facet::_S_get_c_locale()
0 1410
fn=std::locale::facet::_S_get_c_name()
0 21
fn=std::locale::id::_M_id() const
0 2388
fn=std::locale::locale()
0 484
fn=std::locale::locale(std::locale::_Impl*)
0 3
fn=std::locale::operator=(std::locale const&)
0 184
fn=std::locale::~locale()
0 96
fn=std::mersenne_twister_engine<unsigned long, 32ul, 624ul, 397ul, 31ul, 2567483615ul, 11ul, 4294967295ul, 7ul, 2636928640ul, 15ul, 4022730752ul, 18ul, 1812433253ul>::_M_gen_rand()
0 11502204
fn=std::messages<char>::messages(unsigned long)
0 21
fn=std::messages<wchar_t>::messages(unsigned long)
0 21
fn=std::moneypunct<char, false>::_M_initialize_moneypunct(__locale_struct*, char const*)
0 114
fn=std::moneypunct<char, true>::_M_initialize_moneypunct(__locale_struct*, char const*)
0 115
fn=std::moneypunct<wchar_t, false>::_M_initialize_moneypunct(__locale_struct*, char const*)
0 109
fn=std::moneypunct<wchar_t, true>::_M_initialize_moneypunct(__locale_struct*, char const*)
0 109
fn=std::num_put<char, std::ostreambuf_iterator<char, std::char_traits<char> > >::_M_pad(char, long, std::ios_base&, char*, char const*, int&) const
0 3040
fn=std::num_put<char, std::ostreambuf_iterator<char, std::char_traits<char> > >::do_put(std::ostreambuf_iterator<char, std::char_traits<char> >, std::ios_base&, char, double) const
0 320
fn=std::num_put<char, std::ostreambuf_iterator<char, std::char_traits<char> > >::do_put(std::ostreambuf_iterator<char, std::char_traits<char> >, std::ios_base&, char, long) const
0 240
fn=std::numpunct<char>::_M_initialize_numpunct(__locale_struct*)
0 417
fn=std::numpunct<wchar_t>::_M_initialize_numpunct(__locale_struct*)
0 353
fn=std::ostream& std::ostream::_M_insert<double>(double)
0 4640
fn=std::ostream& std::ostream::_M_insert<long>(long)
0 4640
fn=std::ostream::flush()
0 4520
fn=std::ostream::operator<<(int)
0 880
fn=std::ostream::put(char)
0 4664
fn=std::ostream::sentry::sentry(std::ostream&)
0 11889
fn=std::ostreambuf_iterator<char, std::char_traits<char> > std::num_put<char, std::ostreambuf_iterator<char, std::char_traits<char> > >::_M_insert_float<double>(std::ostreambuf_iterator<char, std::char_traits<char> >, std::ios_base&, char, char, double) const
0 14160
fn=std::ostreambuf_iterator<char, std::char_traits<char> > std::num_put<char, std::ostreambuf_iterator<char, std::char_traits<char> > >::_M_insert_int<long>(std::ostreambuf_iterator<char, std::char_traits<char> >, std::ios_base&, char, long) const
0 9840
fn=std::uncaught_exception()
0 18
fn=time_insertion_sort_arr(Pattern const&, int)
0 101510146443
fn=time_insertion_sort_opt(Pattern const&, int)
0 5340
fn=time_insertion_sort_vec(Pattern const&, int)
0 115943185465
fn=time_std_sort(Pattern const&, int)
0 28790609
fn=void std::__introsort_loop<__gnu_cxx::__normal_iterator<int*, std::vector<int, std::allocator<int> > >, long, __gnu_cxx::__ops::_Iter_less_iter>(__gnu_cxx::__normal_iterator<int*, std::vector<int, std::allocator<int> > >, __gnu_cxx::__normal_iterator<int*, std::vector<int, std::allocator<int> > >, long, __gnu_cxx::__ops::_Iter_less_iter) [clone .isra.0]
0 132272242
summary: 223433439839
